# 
# Copyright (c) 2012-present Jan Tošovský <jan.tosovsky.cz@gmail.com>
#
# This program is free software: you can redistribute it and/or modify
# it under the terms of the GNU General Public License as published by
# the Free Software Foundation, either version 3 of the License, or
# (at your option) any later version.
#
# This program is distributed in the hope that it will be useful,
# but WITHOUT ANY WARRANTY; without even the implied warranty of
# MERCHANTABILITY or FITNESS FOR A PARTICULAR PURPOSE.  See the
# GNU General Public License for more details.
#
# You should have received a copy of the GNU General Public License
# along with this program.  If not, see <http://www.gnu.org/licenses/>.
# 
6752,-1672,-146,0
6399,-5270,-72,15
14261,1918,-4,123
14660,-6084,-1,71
18616,3878,3,0
5278,4600,8,80
5242,-820,12,-3
7655,522,38,42
1629,-5724,46,-16
5920,741,50,185
14064,-6037,61,-23
19846,887,77,22
4599,1651,85,154
16490,-2643,96,183
13420,-1116,98,-23
7755,2803,114,100
22961,-2962,116,9
12795,-5969,125,-23
20691,4528,125,9
12443,-6310,133,-24
14660,-6084,133,88
10140,1197,135,-11
6977,-2897,150,-21
12519,-5711,163,159
17560,-3710,163,-22
5419,635,164,-22
5438,2861,165,-13
9220,-6972,168,0
5604,-120,170,-19
12443,-6310,173,-26
22137,-4696,174,-13
12900,5596,177,-2
8159,-4734,178,-22
3405,4986,179,48
11062,6175,179,107
7140,-2639,184,68
18403,-3438,185,-3
8375,-5951,186,128
13792,4931,186,-19
17622,-4300,187,40
5992,4495,190,3
16811,-6903,192,144
6629,1640,193,0
20427,-5674,194,-20
8745,-5471,196,4
6378,-1796,198,-23
7577,3189,198,3
9460,-866,198,144
2120,2346,200,115
2530,8926,202,60
18921,-2630,202,-22
726,-1799,204,102
5679,-194,205,-21
140,2909,206,-11
1162,3562,206,158
5796,-967,206,-17
14111,-3637,206,101
14845,7416,208,147
17582,1256,208,15
22711,-4688,210,160
3136,4096,212,-5
11818,1457,214,9
12692,-4896,217,-1
20370,4026,220,68
9133,-4343,221,166
675,5654,223,116
5533,-30,223,-22
15578,2671,223,-2
17943,5149,223,152
8060,-4000,225,-26
9285,-5928,225,18
2065,4233,226,137
153,5915,227,34
13399,5493,227,2
16836,-3429,229,115
13665,-5347,230,-22
14699,-4739,230,-20
14592,-4216,231,-19
16006,-2262,232,-12
11031,5638,237,-2
438,-4231,239,109
21736,988,239,153
17708,-3903,241,-22
23063,2808,242,167
17173,-1572,243,6
11897,5369,244,0
21310,6259,244,22
7402,-2930,245,-8
20770,3397,246,103
945,6072,247,-15
23079,1521,249,-4
9369,-5501,250,-18
3038,409,253,164
13926,-4729,255,-22
11235,2052,256,12
16619,-1057,256,2
5546,-1782,258,21
12263,-1754,259,-11
12139,-5072,260,-12
19044,-2988,260,8
10333,1984,261,115
15283,-938,261,-11
5995,3721,262,-8
16091,-1981,262,-7
1911,2081,264,13
5661,-3407,264,-12
12573,-2340,265,89
15738,643,265,116
1430,6024,268,13
13911,1840,268,58
14976,-4313,268,-22
4950,3317,269,153
10780,-4942,269,90
12620,-6914,269,-20
17513,-3730,269,-22
7286,-3710,270,162
14750,2707,270,97
18350,-2983,270,138
19771,1061,272,152
16239,-369,274,158
16400,6151,274,91
13343,-3671,275,4
14848,-1604,275,15
10716,-6439,276,-22
5591,-591,277,-24
16504,2149,277,94
17725,457,277,116
15586,-4117,278,-20
5131,-509,279,13
17507,5230,279,98
429,-7725,280,62
12252,-5875,280,-23
8126,-2430,281,43
16688,3160,281,65
18466,-2542,281,104
16598,-2822,282,-25
221,1518,283,-23
13036,1096,283,94
5471,-2076,284,82
3902,3188,285,12
15919,-6343,285,29
17422,-5553,285,146
1980,-6157,286,28
22308,-6026,286,139
3791,2410,287,-9
19750,4513,287,-3
21784,-1613,287,29
6383,2251,288,164
7577,3189,288,4
3964,4001,289,-18
15315,-6868,289,0
15981,-2611,289,-19
16353,-2559,289,13
19163,-2102,289,35
7452,829,290,-9
12934,3832,290,-12
21526,-557,291,83
3080,5351,293,70
6832,-5061,293,120
22717,3022,294,86
3967,-1351,295,159
12498,-1652,295,-5
17531,-4988,295,-17
22096,-32,296,98
6732,2513,298,140
9764,2377,298,80
5033,4382,299,54
18097,-3042,299,100
19090,1386,299,1
2159,3499,300,14
5627,2114,300,-19
12169,-2262,300,133
13315,-2317,300,92
3715,4779,301,-13
9785,-6507,301,28
11161,4450,301,114
21899,-3736,301,-12
6339,-3006,302,-19
7050,-2383,302,-8
14535,3831,303,19
17793,-4013,303,51
2322,-298,304,142
13827,-4247,304,-17
10372,4150,305,159
12771,-6811,305,-18
15345,7183,305,5
19209,6766,307,100
16864,-3805,308,-20
19512,2796,308,113
20350,-1478,308,79
8923,595,311,100
10827,-1619,311,125
18294,-3676,311,156
20626,-4729,311,100
5849,-3577,312,116
9351,3439,313,155
9520,-5703,313,155
11596,-6302,313,-4
14986,-4210,313,-20
16977,-5599,313,160
8987,4804,314,19
17251,2484,314,8
17251,3681,316,144
5109,4123,317,-18
6629,-4320,317,-11
9548,5168,317,46
17146,6571,317,-12
18761,-2699,317,-11
4831,696,319,45
5091,-2237,319,146
14708,-6498,319,24
16961,938,320,115
21216,3023,320,99
17831,-3704,321,116
23656,7763,321,103
15356,-4065,322,-22
20188,-82,323,-7
21478,7056,323,-22
2971,-4030,324,14
3787,-7424,324,162
16305,-469,324,96
18982,3269,324,-5
7487,-4330,325,151
18355,-290,326,94
655,3086,327,128
4567,-5504,327,-10
6803,-6194,327,21
14106,-2668,327,112
17367,-2500,327,-22
22911,-1582,327,5
6248,2251,328,160
15068,-2528,329,170
15416,5897,329,116
1101,-4672,331,89
5216,-1621,331,-11
12257,5703,331,8
10229,-7004,332,-8
10534,-6169,332,-9
19116,-2767,332,119
17203,-4324,333,41
7822,-2486,334,124
11237,1543,334,-1
17423,-5638,334,-13
17984,-977,334,99
4240,-6247,335,91
22181,5820,335,157
5408,-240,336,-17
6755,1290,336,43
8504,6072,336,84
19425,311,336,32
13578,-60,337,11
15378,-4469,337,-18
1907,6367,338,-15
8780,642,338,68
12927,340,338,158
3086,3884,339,165
4478,1587,340,18
10285,-6133,340,154
22691,1083,340,-9
1473,-4332,341,157
1885,2958,341,49
13825,-4169,341,-22
15205,-5210,341,92
16002,-3840,341,-22
17774,2772,342,75
20749,-6620,342,16
20755,6184,343,92
818,5782,344,57
9183,-5897,344,-19
10278,2342,344,31
19104,-488,344,-9
1143,-1018,345,116
10285,4291,345,3
18835,3336,345,0
2722,324,347,9
4011,1249,347,-12
7029,-2793,347,173
7946,-5298,347,-18
15258,3331,347,95
19979,1949,347,157
11308,3309,348,140
17244,1439,348,144
22833,2460,348,93
22809,-5132,349,8
1734,-1594,350,72
15032,4039,350,97
18450,-4597,351,-17
18962,-2111,351,117
8275,919,352,148
9686,989,352,49
10122,1676,352,-3
22828,6620,352,104
4477,1918,353,101
7335,2198,353,34
15827,-343,353,-4
16715,3892,353,92
22170,620,353,8
3721,-976,354,92
5586,993,354,-18
9948,-5457,354,-8
11550,-3186,354,94
17626,-1540,354,26
5783,-1482,355,10
14323,-4606,355,-18
324,-882,356,122
2275,-5151,356,-12
4298,-3380,356,-12
11322,-1478,356,112
15363,-3626,356,154
20145,-6618,356,76
1633,4863,357,128
7741,2440,357,93
16872,-3802,357,-21
18351,7273,357,49
20301,-1254,357,94
7302,1654,358,11
14530,3037,358,130
15617,-2814,358,138
12356,-6040,359,142
1400,-818,360,105
3414,903,360,89
5293,-684,360,-11
5741,-2245,360,47
6880,3396,360,10
9060,4716,360,0
9512,-4047,360,36
7754,-3797,361,173
10176,-1235,361,101
11845,176,361,55
1525,1535,362,97
8672,-5292,362,-18
13038,-7155,362,117
16910,-4236,362,137
17518,-6068,362,-10
17762,-6472,362,119
23032,4233,362,-9
2833,2726,363,-10
3819,2405,363,-9
20626,1460,363,44
11760,-6673,364,16
4330,1563,365,99
12694,-145,365,36
14073,6438,365,-5
20914,-5845,365,125
616,5390,366,-20
15644,-2978,366,-17
18111,-5009,366,-8
23157,-2117,366,122
9525,6306,367,33
15770,1542,367,6
8727,-3319,368,-18
12694,-145,368,0
15464,2911,368,28
21668,-1666,368,32
3325,-2176,369,162
4853,560,369,-17
9754,-6251,369,122
23286,328,369,92
1933,-5161,370,85
3748,2411,370,-11
17963,2925,370,94
5940,-1417,371,33
11768,4778,371,117
15847,448,371,15
19922,641,371,86
4904,244,372,-18
5992,5428,372,100
14771,189,372,-1
21082,4393,372,165
21247,3805,372,39
1858,-1034,373,114
3549,-946,373,88
7870,-4058,373,104
18122,956,373,12
3453,973,374,-9
21444,-2241,374,100
22877,-758,374,164
5041,4108,375,122
9069,-4710,375,120
16365,1915,375,27
17798,271,375,4
17892,5687,375,117
22486,5842,375,60
2845,5590,376,168
4382,1754,376,98
5560,-6249,376,82
16830,-5904,376,157
21691,-7739,376,100
22117,2534,376,44
3753,4258,377,42
8429,-6614,377,113
19078,-2174,377,101
19285,5337,377,96
20661,1591,377,-6
20795,-950,377,0
22522,5028,377,1
7146,-7050,378,104
10892,-5885,378,95
7068,2057,379,79
7429,2780,379,103
19495,5173,379,14
20227,4674,379,128
3158,4486,380,98
9850,5904,380,29
10333,1984,380,0
15580,1054,380,26
15580,1054,380,26
17658,4601,380,-18
5646,-260,381,-24
5855,-2088,381,99
10435,-1684,381,148
4592,-3056,382,98
9314,3680,382,6
10465,-5874,382,31
16515,198,382,1
19790,1853,382,141
23626,4646,382,101
3739,3229,383,5
10889,3422,383,104
13971,-4210,383,-21
14798,-7904,383,143
18126,2876,383,-3
19803,7027,383,89
4476,1596,384,95
8677,-4665,384,71
8917,-6064,384,-10
10622,-4823,384,30
11523,6933,384,162
15712,2630,384,0
18395,2177,384,117
22361,-139,384,-5
3737,-6481,385,113
5788,-5107,385,17
6369,-3344,385,88
7247,-2677,385,-17
10246,-4212,385,5
10547,931,385,-14
15941,1566,385,48
16257,-6369,385,111
18587,-824,385,133
4233,-4229,386,110
12628,-4854,386,5
17938,3725,386,135
18229,-2106,386,23
946,3850,387,13
3201,-2899,387,52
3764,2437,387,-7
4636,-1430,387,109
5520,-3547,387,114
6902,-2418,387,173
12541,-7213,387,-15
12558,6979,387,-13
13978,-4480,387,-20
15199,-4874,387,-5
157,-4575,388,103
9239,231,388,-6
9879,2601,388,122
13517,-3941,388,116
14718,-566,388,38
15948,-2921,388,-20
2940,-890,389,111
11350,-5449,389,-15
12332,-67,389,2
16329,4631,389,-15
16558,-7890,389,91
19938,3508,389,102
8428,-391,390,-2
19875,101,390,89
23173,-4525,390,102
4053,599,391,3
8767,-4604,391,0
9664,-114,391,132
11143,-5898,391,123
12467,-5023,391,-19
15592,-1479,391,101
1140,-5525,392,-8
17005,3093,392,-1
21264,525,392,52
4605,-335,393,-21
7687,-955,393,102
19361,-1785,393,22
437,-4368,394,17
8745,1815,394,108
11399,1053,394,41
20953,4117,394,2
1521,-4907,395,99
2904,5276,395,74
6611,-1926,395,105
7697,-7261,395,104
13399,5492,395,13
15849,-3363,395,-4
22776,2357,395,107
4401,-3402,396,149
5986,-4282,396,114
6831,-3251,396,-23
7730,-2895,396,18
12194,-5237,396,-15
16113,-2067,396,-4
20010,-7291,396,-3
5858,3915,397,113
8668,-3531,397,94
9011,4178,397,44
9188,-6232,397,-18
18011,293,397,2
19398,-4062,397,-10
22488,-4350,397,103
23383,-2010,397,110
2057,7242,398,-1
6248,-627,398,132
7280,-6796,398,79
20258,4771,398,152
23290,-5824,399,40
2000,-2108,400,157
9041,-6640,400,14
10407,-7403,400,35
14699,-3779,400,-17
2898,-4989,400,210
2289,3385,401,2
8842,-2771,401,127
13420,5499,401,16
16031,5857,401,52
16200,-1946,401,4
18717,-7143,401,114
19377,-4446,401,-10
20490,3037,401,40
22827,-1359,401,157
23989,686,401,42
4758,-325,402,-15
8778,2876,402,101
12140,-2473,402,32
16331,-5016,402,108
18994,1507,402,108
19028,-574,402,109
21566,4559,402,89
22589,-12,402,-9
5057,6044,403,92
11764,653,403,151
12910,-5718,403,-17
18091,250,403,86
20554,1130,403,-13
3983,3579,404,1
4144,4771,404,-3
4198,-684,404,33
12307,-6400,404,-17
18922,4395,404,159
3151,4961,405,58
11352,603,405,-6
14343,-3789,405,-3
14420,5185,405,50
14631,-4943,405,-15
14728,-3517,405,135
15147,-4528,405,-18
789,2427,406,112
7599,2690,406,154
16993,-5316,406,145
1728,5069,407,-4
2658,33,407,-22
4940,1351,407,115
6903,-1204,407,143
8309,-7692,407,39
8740,-4265,407,87
13825,1580,407,152
15292,-5880,407,9
21099,-1723,407,-1
9574,-5923,408,1
10996,-1830,408,109
11415,-1768,408,21
14267,-600,408,52
21368,1980,408,111
21725,5878,408,234
1613,4141,409,54
2362,-6866,409,3
3040,-2362,409,16
5615,929,409,95
15812,1814,409,162
2678,-3986,411,102
2660,-6827,411,-6
3515,1294,411,112
7821,-4637,411,-18
10591,-7861,411,158
11775,-6118,411,90
12293,-6796,411,158
15612,-6632,411,116
19158,-3790,411,4
19167,-3934,411,120
20864,-2692,411,164
22496,-4375,411,157
2737,4923,412,49
6040,965,412,16
7063,-1563,412,-12
9858,-1485,412,92
12087,873,412,98
23015,-5275,412,98
18481,-4907,413,102
19921,-4187,413,108
21744,2564,413,43
22266,3775,413,146
23666,563,413,51
4248,4841,414,95
5399,-781,414,96
8627,-4299,414,11
15549,3136,414,-13
20768,-2527,414,43
23673,4433,414,-8
6483,2021,415,-13
7198,-49,415,-1
12115,-6461,415,34
15897,-1673,415,102
15960,2688,415,123
22768,-8138,415,20
550,6293,416,14
6069,2326,416,82
8628,570,416,0
16606,-3526,416,157
22281,-778,416,98
3824,-3620,417,95
17439,-2418,417,28
22678,-2704,417,-11
3772,2395,418,-6
7485,3178,418,32
14273,4609,418,8
13824,-3445,419,150
14215,-1027,419,133
18761,2055,419,46
22251,5704,419,28
22778,1217,419,50
5513,595,420,-14
7948,-2288,420,72
16568,4244,420,-1
3484,5994,421,41
5679,-194,421,0
10465,3671,421,90
22932,-3254,421,97
23265,-909,421,111
4423,2229,422,13
18346,7134,422,-10
18786,-475,422,110
18870,-6219,422,-14
20493,6299,422,20
20761,3072,422,104
21441,-6537,422,49
23239,-605,422,156
335,-6487,423,58
2843,3832,423,34
3608,4819,423,-6
3781,-2325,423,42
13761,-3304,423,38
16110,-3680,423,-17
16523,-3470,423,-16
16766,8204,423,89
19843,3291,423,182
21290,3939,423,12
21780,4931,423,-12
7888,-4810,424,-14
16718,-7752,424,105
20294,-1251,424,107
1146,8626,425,121
1158,4724,425,-7
2450,-4770,425,-14
2735,-1386,425,-14
4267,-5149,425,30
4612,4126,425,122
4594,1016,425,18
8381,4319,425,155
8975,1186,425,14
10453,-3107,425,145
14459,7570,425,144
1757,916,426,96
5999,4594,426,172
12306,-7931,426,-12
12562,4136,426,58
13198,2788,426,57
14027,154,426,10
16146,4494,426,-7
17690,-1288,426,8
2749,1011,427,31
3332,-4307,427,71
3563,-2163,427,-11
4636,1251,427,12
5152,-875,427,-19
8158,-4735,427,-23
12891,-4018,427,21
13115,-4991,427,-19
15309,-4788,427,-8
20778,1612,427,104
22107,-1387,427,-7
1049,789,428,96
2469,846,428,-6
3615,40,428,58
4438,2281,428,26
4704,2296,428,-13
7722,2888,428,112
10655,-5560,428,104
11882,-3391,428,-10
16519,-1661,428,92
21371,-1683,428,90
23115,-4352,428,42
23466,638,428,107
4110,5035,429,2
4259,889,429,-6
4425,1793,429,5
4901,6634,429,3
5326,-1318,429,-26
9618,8133,429,148
17456,-2987,429,40
17609,-3864,429,109
19387,-4480,429,34
21757,6112,429,52
22063,6463,429,34
22166,3318,429,46
22525,-3235,429,1
23636,4327,429,-10
3753,2447,430,-11
8720,340,430,-20
11616,-82,430,100
18908,3690,430,168
20223,5657,430,11
977,-2936,431,-16
9529,2297,431,154
12534,-1620,431,38
15408,3738,431,31
4674,-1967,432,161
7469,893,432,143
8773,-1355,432,90
11828,-6379,432,-15
14449,-8367,432,131
14861,-4358,432,-15
15734,7779,432,4
16123,-2087,432,84
20639,-111,432,95
1185,5515,433,17
2034,276,433,3
6531,-2342,433,-24
8677,-5976,433,-11
12050,-6331,433,27
12885,-4894,433,137
14339,-5639,433,12
15634,-4257,433,142
17347,-1285,433,3
18331,3606,433,116
8143,-298,434,97
9270,-5754,434,163
14029,-4560,434,60
15297,-3015,434,110
17442,414,434,150
21749,-3303,434,-5
21742,1735,434,116
2971,-4030,435,8
3194,1973,435,103
5746,-6574,435,21
6256,2950,435,102
6955,5842,435,85
8132,-6862,435,-11
8344,-7748,435,116
9614,-4936,435,17
14436,-4538,435,43
18143,-6367,435,22
615,3372,436,-14
723,-5746,436,0
3510,4800,436,135
4078,2208,436,107
4844,890,436,1
5221,-1294,436,-10
5959,-3528,436,-18
8807,584,436,-4
12449,2827,436,113
14101,-4118,436,-19
18146,2081,436,-16
17537,8659,436,2
18387,-6149,436,148
18746,3760,436,19
18784,1818,436,13
19273,3813,436,126
19612,-129,436,-8
22492,4771,436,168
526,-6296,437,-7
643,2931,437,87
2217,885,437,89
6276,-3514,437,100
6936,-1705,437,-7
10132,1000,437,145
19668,1801,437,78
19684,1748,437,104
19996,-3528,437,-15
23550,-3782,437,-9
5537,1859,438,207
13166,-554,438,-1
16900,1017,438,-8
4882,-545,439,25
6583,-5298,439,-2
8038,233,439,125
11003,-4223,439,11
17350,-2111,439,39
19229,3915,439,-15
20148,7771,439,-5
21331,-5345,439,19
23298,-918,439,-15
23434,-2064,439,147
6831,-5362,440,92
7312,-2495,440,-15
8150,-1924,440,-15
15048,209,440,104
21965,-5499,440,28
23423,2340,440,61
1894,-4630,441,159
5580,949,441,-16
5906,2028,441,58
7186,3025,441,126
7971,-4924,441,-17
11303,3153,441,58
14838,-2796,441,140
17512,2611,441,144
17975,3019,441,39
23132,7539,441,80
23314,-3253,441,113
33,-601,441,163
953,2342,442,94
3769,-1210,442,163
6126,1477,442,-17
11039,2018,442,5
14384,-3951,442,-18
14544,-5046,442,-19
16450,-1846,442,28
20796,-503,442,165
22481,-2,442,38
811,758,443,150
4255,-765,443,82
6632,-1824,443,115
14686,1373,443,5
15774,735,443,60
20398,3219,443,133
20724,1507,443,32
21299,3490,443,-11
22393,5223,443,102
244,-1893,444,166
1691,549,444,136
4275,-5930,444,108
6396,459,444,18
8234,-4035,444,116
8646,334,444,121
18949,-6723,444,71
19478,2466,444,150
4676,-4186,445,34
5205,-1187,445,-10
7568,-2230,445,51
8189,-3962,445,162
8309,-3666,445,22
9002,-4125,445,65
10593,-5756,445,162
10763,-8054,445,-19
16536,-2147,445,13
18029,131,445,2
19259,7336,445,125
19568,738,445,116
2818,-3241,446,99
5222,286,446,119
9411,2618,446,123
11852,-4517,446,130
14578,2974,446,36
22102,-3954,446,137
22675,4428,446,133
22875,-3288,446,-4
2752,-1857,447,48
3339,2905,447,155
3825,6553,447,188
4955,5375,447,-2
4976,171,447,140
6798,241,447,111
11278,-365,447,21
12135,-5066,447,-15
16453,-4756,447,-7
23111,-2374,447,90
6199,1421,448,-18
6327,5901,448,1
6469,-3258,448,-17
9148,5160,448,27
9086,-7260,448,61
10124,3524,448,18
11194,-2283,448,3
19607,5022,448,38
22456,-6497,448,-3
4439,1562,449,25
6733,1323,449,116
7209,-4676,449,32
7877,-3886,449,-19
8778,-5677,449,-17
10132,-37,449,-4
14953,-435,449,32
21241,1001,449,50
22231,3972,449,139
23712,-1454,449,-4
6548,733,450,0
7647,-2680,450,-17
7801,-2594,450,-5
9580,5205,450,1
10349,-5604,450,-12
10927,2475,450,1
13788,1746,450,48
16402,-2004,450,101
21119,-2501,450,161
22140,-3299,450,5
23701,178,450,20
23999,-6558,450,-8
1194,3009,451,109
2798,2925,451,111
4015,-6216,451,165
4558,-2977,451,98
5830,-5617,451,110
9487,-3595,451,144
15390,-5932,451,19
20047,6787,451,132
20734,-5192,451,27
20756,5758,451,54
21160,-1137,451,94
21479,-2181,451,91
22508,4312,451,-9
305,3679,452,5
2484,6740,452,12
5820,3918,452,94
9656,-6133,452,-7
14318,-1337,452,13
15693,1967,452,4
17395,3715,452,-3
19949,-2717,452,146
20263,2781,452,126
23117,941,452,157
23209,4941,452,29
830,4108,453,-15
2859,3506,453,156
6001,-307,453,122
7623,-3497,453,-9
11800,2022,453,55
13377,-6099,453,-13
13400,-6454,453,85
18187,-4595,453,101
20790,3649,453,-11
23065,382,453,-12
526,-6297,454,15
745,4828,454,-7
2033,7091,454,16
3499,5888,454,56
5303,3337,454,127
6584,-2296,454,-5
7497,1201,454,128
14225,5179,454,20
15074,2695,454,124
15204,-1979,454,-8
15386,-3686,454,-15
15598,-4496,454,-18
17444,-509,454,39
17793,-2783,454,80
23906,5750,454,122
5073,-3548,455,120
7001,7698,455,136
9570,3640,455,92
14856,1910,455,76
16344,-2417,455,84
21110,4765,455,157
23486,1276,455,94
62,-1734,455,-5
3979,-6140,456,162
9109,3845,456,104
9575,6983,456,77
13864,-3299,456,-13
14436,-4522,456,-15
21699,7131,456,110
5653,412,457,-11
9533,-118,457,10
10327,-5503,457,162
10726,-6057,457,171
16424,1403,457,0
18135,-2846,457,94
21499,2364,457,162
22350,4654,457,-10
22409,4948,457,9
23815,-2813,457,1
3618,-4027,458,104
5889,2761,458,-2
9134,-2586,458,159
9861,-4655,458,120
17699,7215,458,42
19891,2408,458,-6
20044,-2771,458,165
689,-4608,459,97
3714,-3731,459,120
5447,310,459,-21
5590,-484,459,-19
7726,-2841,459,163
9868,5406,459,3
15894,-2533,459,-7
16205,-2793,459,-16
17594,-4651,459,-3
18912,2264,459,78
19139,-4050,459,109
19344,6571,459,2
20869,2710,459,83
22480,-2,459,0
6480,-703,460,-10
8670,6433,460,116
9486,-277,460,46
10085,-1306,460,-9
10945,-3714,460,103
11210,-6032,460,55
13205,-5992,460,-8
14754,1696,460,98
14960,6593,460,159
15422,-3873,460,0
19612,-2488,460,-7
23344,2374,460,17
89,-571,461,104
285,3868,461,6
4304,5030,461,4
7998,-1840,461,8
11109,-6242,461,103
19362,-1596,461,10
20565,3525,461,160
1893,319,462,94
5532,-730,462,-26
7647,-2680,462,0
8728,-723,462,84
9263,-3741,462,45
11579,-5426,462,-8
12911,-5915,462,-15
15570,-1006,462,101
15878,4245,462,56
17631,-812,462,11
18008,-369,462,38
18937,420,462,17
944,5918,463,96
2987,2134,463,4
2987,2134,463,4
3188,3961,463,111
3839,7133,463,3
6065,2014,463,28
7884,-4961,463,-23
11084,734,463,33
11253,2310,463,166
15827,2607,463,80
16059,-5778,463,24
16463,-837,463,17
22623,5155,463,24
5052,2159,464,16
7276,-2788,464,160
7445,4921,464,-2
7590,-2837,464,-11
12665,-3999,464,-8
15686,-4466,464,40
15850,-2575,464,-5
18004,437,464,-3
18122,873,464,96
18523,-6228,464,-11
18558,-4231,464,101
20018,2775,464,18
1229,2458,465,104
3895,-2461,465,-13
4564,1484,465,25
4915,1015,465,9
5902,-6309,465,104
6911,1318,465,30
7512,-3096,465,93
12773,-5649,465,-16
13778,-5143,465,96
13857,6472,465,158
16054,-4923,465,92
16831,-1078,465,47
17295,3729,465,5
18301,-2704,465,166
23070,5005,465,105
1191,2103,466,103
2724,2771,466,-13
3999,-2402,466,-13
6683,990,466,-25
7238,-2635,466,-19
7305,-3673,466,-10
8721,2147,466,2
10457,-5764,466,51
10646,-5918,466,148
12015,661,466,13
12654,-800,466,123
12710,-4881,466,109
13679,5468,466,164
18853,5939,466,119
19442,34,466,60
22421,138,466,-3
23963,2514,466,159
1826,-1069,467,33
3489,4951,467,-9
6103,-1494,467,5
9182,6351,467,35
15663,-3441,467,99
18001,1675,467,126
21022,-3226,467,89
21702,5119,467,-12
5076,1540,468,-6
6927,-2014,468,37
8020,-139,468,149
9641,465,468,132
16339,-7870,468,169
18394,-893,468,95
19539,6966,468,79
20588,1467,468,11
21618,-1947,468,-17
1916,-6765,469,95
2075,-2930,469,-17
4443,1471,469,98
4655,1592,469,15
8939,-5272,469,-12
9387,-2883,469,92
9455,-2234,469,114
12761,-6098,469,104
13533,-626,469,162
18084,-2958,469,78
19656,3015,469,97
21172,1013,469,26
21629,-785,469,17
22056,-5679,469,105
22055,-216,469,-6
22726,-1883,469,137
23165,-2246,469,65
2979,3966,470,6
2995,891,470,-12
7638,-2536,470,-11
10004,804,470,160
11611,-980,470,-8
11670,-3474,470,-7
13574,4902,470,12
18487,-1457,470,6
19931,-2630,470,75
1566,5923,471,100
2427,5028,471,153
4248,4048,471,101
5319,4010,471,63
5341,-2124,471,-5
5496,-109,471,157
7806,-4708,471,105
9094,-7054,471,-15
10645,3198,471,81
10900,4319,471,-5
13105,-4846,471,-14
13961,-6369,471,111
19904,846,471,104
21299,-3217,471,6
22907,8435,471,143
23555,-2091,471,2
23585,-4262,471,8
3490,-6294,472,40
5092,-5747,472,52
8188,-1293,472,95
9358,-2597,472,163
11804,-6681,472,154
12072,-6317,472,-8
15085,-4705,472,-14
16108,-4517,472,23
18705,-905,472,35
530,5452,473,-10
3510,-508,473,-9
3810,-3762,473,-3
5363,-38,473,-17
11746,-1835,473,97
13292,4057,473,30
13887,-3193,473,-14
16900,-4236,473,49
17277,-45,473,114
20878,-898,473,32
21632,6208,473,30
21711,-1887,473,88
21736,2874,473,48
1432,6813,474,104
4876,1425,474,184
5851,3731,474,162
10432,3380,474,25
10506,-7199,474,4
11030,-248,474,162
12345,1779,474,101
13307,-1831,474,71
13863,3444,474,166
15699,-1968,474,157
19530,3445,474,-14
20997,4752,474,-5
22791,8315,474,126
23631,-4549,474,8
1892,1929,475,-4
2535,-1524,475,45
2663,-4289,475,6
2851,-2100,475,91
2841,-7507,475,133
8191,-4299,475,18
10554,4043,475,23
14165,-5344,475,94
14269,5137,475,20
15711,-3471,475,-14
19052,-4210,475,-2
23310,6811,475,84
736,-1061,476,101
1324,2726,476,3
3092,5671,476,102
5545,3219,476,34
7244,-4827,476,-10
8150,-6130,476,43
9042,6763,476,153
13458,-1597,476,109
15063,4765,476,65
15854,2098,476,154
16047,4604,476,-11
16150,3649,476,101
17997,-2382,476,-4
20344,-1276,476,-5
20593,-6058,476,28
23119,2547,476,134
524,-4880,477,2
883,-114,477,157
6789,804,477,140
8687,-4732,477,12
9688,-2359,477,-12
11505,-300,477,154
14345,-4519,477,31
14385,-2775,477,131
16073,-1137,477,47
17673,-4942,477,40
18543,5705,477,61
19270,2139,477,-5
20059,-3794,477,141
4509,1619,478,17
4877,3670,478,141
5584,-600,478,-25
5874,186,478,138
8225,-3590,478,-11
11319,3819,478,12
12982,1741,478,156
16305,-2861,478,2
17366,-6777,478,121
20254,2559,478,-18
20481,-1781,478,38
20887,4439,478,-14
27,-7707,478,127
1965,2360,479,28
3905,-295,479,94
4999,-1254,479,26
6656,4249,479,123
7277,-2332,479,171
7961,-3033,479,15
9330,-1198,479,93
9737,-2777,479,51
10329,1947,479,45
12906,-954,479,160
16503,-2512,479,-11
18757,-6487,479,20
22163,7234,479,92
22260,-4135,479,80
22464,470,479,104
22696,2931,479,-1
243,2021,480,157
701,5051,480,-11
3264,-882,480,23
3767,6334,480,80
4402,1744,480,15
5648,-721,480,13
6314,6932,480,3
9173,6713,480,49
9341,-956,480,93
12400,5156,480,87
13120,2762,480,148
13254,-6789,480,-8
13293,547,480,167
17616,6876,480,43
23974,5139,480,183
465,-3301,481,164
5024,-717,481,-19
6172,-5497,481,-23
9349,-6240,481,94
9584,3962,481,99
12375,2585,481,49
12581,2263,481,0
14300,3551,481,105
14470,-223,481,70
14724,2653,481,166
15035,2501,481,150
17524,-2396,481,0
17836,-4009,481,26
18422,-2054,481,131
20296,3803,481,42
22355,2833,481,0
22550,-6198,481,161
884,6112,482,52
2141,3786,482,12
3312,3422,482,149
5162,1560,482,32
5967,2595,482,-6
6655,-1415,482,150
8006,-6357,482,-17
8375,-4849,482,-15
10626,-1338,482,268
10704,-6447,482,-14
10735,-6396,482,-13
12442,-5145,482,-14
13624,3630,482,23
14147,7755,482,136
15085,-4705,482,0
15214,-4450,482,-17
15854,3566,482,100
16368,103,482,34
16821,4598,482,9
17018,-422,482,148
17289,3310,482,-17
18433,6556,482,119
18907,7130,482,115
20642,2120,482,-2
21346,-4081,482,2
22511,-1068,482,-6
23696,-1782,482,82
917,5897,483,121
1461,4541,483,42
1892,1930,483,0
1953,-4738,483,88
2220,4423,483,148
3323,337,483,68
5291,-3490,483,100
5229,-6719,483,128
6892,-2022,483,-21
7148,-3966,483,-18
8356,-3305,483,145
9270,5402,483,19
10372,-4165,483,112
11410,-1086,483,156
14173,2509,483,54
14686,1373,483,0
16038,2280,483,7
16682,6459,483,122
17820,-3170,483,-4
18768,2666,483,120
18903,-2274,483,141
18951,-585,483,108
19983,-2620,483,90
20222,4682,483,9
1503,614,484,137
2065,4233,484,3
2659,-1187,484,45
2759,-6762,484,6
3333,6565,484,-15
4232,926,484,80
7658,-3831,484,-19
8141,5151,484,5
10510,5598,484,52
10585,7571,484,96
11009,362,484,116
16543,1149,484,149
20816,4611,484,41
21073,-1986,484,17
22095,506,484,144
1944,-2253,485,142
4359,4650,485,-3
7498,-2302,485,23
10781,-6438,485,-15
11755,826,485,18
13059,-4953,485,2
13201,-3780,485,70
16368,3089,485,97
16755,5678,485,38
19259,-2526,485,56
22725,-4141,485,103
22761,-5350,485,117
23110,5942,485,-3
23296,4902,485,167
1263,-6888,486,47
2598,559,486,87
5224,3848,486,18
5688,1653,486,-13
5817,2457,486,101
8589,-5801,486,100
8707,-5311,486,-17
10149,-5181,486,-12
12442,-6312,486,-12
14329,1631,486,123
14694,816,486,100
15294,-6361,486,125
17946,-4434,486,121
18348,338,486,91
19773,-1976,486,93
23978,-356,486,93
2284,3422,487,61
3199,7439,487,2
4240,-1026,487,116
5885,-3380,487,-15
6771,5944,487,8
11303,3153,487,0
13287,-6678,487,150
17080,-3412,487,26
17538,5517,487,28
17724,-2168,487,47
18739,-3564,487,-18
18974,-5294,487,-5
18979,-3711,487,41
23784,5865,487,111
1372,4553,488,108
3306,-2251,488,90
4832,3749,488,144
5461,2194,488,-15
7769,1851,488,145
8695,-1594,488,105
9903,-2593,488,123
12698,1024,488,9
15970,-1428,488,-10
17536,5518,488,26
17963,-4172,488,165
20626,-6153,488,43
22654,3905,488,-20
23983,5576,488,-7
188,-1547,489,49
814,5097,489,-11
2432,-1229,489,-3
3248,2104,489,-1
7220,-4518,489,-2
8662,-2956,489,90
8925,-2768,489,11
10523,-5372,489,50
10620,-2741,489,162
16057,-3860,489,-14
16934,6513,489,48
19738,3735,489,95
20612,-255,489,160
20825,-4623,489,152
1427,-1460,490,123
2564,-2823,490,-5
6333,-294,490,160
6960,4509,490,3
7194,3932,490,145
7653,3458,490,40
11864,-6521,490,-11
12888,2124,490,90
13005,3078,490,116
16646,4893,490,155
18725,-828,490,112
19587,-4810,490,109
20833,-3378,490,100
21580,3853,490,108
22920,882,490,0
2704,4019,491,58
4531,-4,491,132
5024,-2005,491,-5
5708,147,491,116
5826,1265,491,-7
6415,4929,491,197
10643,-1688,491,92
11775,-4050,491,66
11994,-7822,491,-6
12845,-3400,491,-4
13829,2126,491,143
14181,-1630,491,172
14304,-8101,491,25
15244,-3152,491,37
16474,-7008,491,55
17090,1274,491,12
20494,-289,491,115
20748,2527,491,117
21944,6363,491,177
23501,5855,491,-12
7170,-424,492,103
8950,-5923,492,-19
13237,-5910,492,48
13229,4015,492,105
14377,-5846,492,86
14750,-3519,492,1
15016,-852,492,0
16091,-1980,492,-2
18887,5071,492,90
19927,5244,492,12
20786,3437,492,132
22169,-3255,492,48
2984,3518,493,123
4181,-4199,493,33
4340,3457,493,94
6083,-1648,493,24
6644,-4822,493,87
7065,-4958,493,13
7996,-368,493,121
8830,-4531,493,5
10517,-7322,493,168
12699,-5969,493,-4
13012,5637,493,36
15122,2487,493,43
19000,3215,493,147
19107,-3706,493,52
20157,3684,493,-13
23733,2936,493,95
724,4702,494,18
1676,4058,494,-9
2206,3030,494,78
4288,2058,494,26
4988,3789,494,4
5321,2210,494,93
7594,-5253,494,140
7673,-1526,494,156
8059,2779,494,112
9260,-3857,494,111
9704,-2392,494,52
9914,-1901,494,157
11089,-2729,494,36
11682,-6209,494,115
12579,7002,494,131
12862,2754,494,67
13569,366,494,3
14679,1642,494,-3
14767,-2544,494,35
14850,-230,494,98
15403,-1032,494,44
16225,-5463,494,104
16200,-1006,494,9
16568,-4405,494,5
19931,3849,494,-8
20123,-5288,494,162
22867,4331,494,156
23449,126,494,3
75,-1051,494,163
1696,4261,495,62
3357,4333,495,4
4339,2735,495,115
5412,185,495,-20
5681,-113,495,-21
6031,-1060,495,-12
6201,1613,495,-14
6938,-4872,495,169
11466,286,495,100
12272,2395,495,97
12440,2727,495,27
12502,6920,495,162
13151,-2312,495,104
15963,5475,495,26
16292,7576,495,37
18338,2196,495,159
19615,-703,495,0
19851,2261,495,-14
20238,1520,495,8
20501,4895,495,-9
22941,4973,495,178
23767,4642,495,111
1253,-4553,496,58
7518,8241,496,166
7370,-1902,496,-4
12339,331,496,116
15671,-2382,496,133
15524,7735,496,158
16693,-1774,496,111
18025,2160,496,12
18529,-4592,496,-11
19294,-1895,496,102
19932,5885,496,159
3706,3397,497,-1
4022,-6108,497,142
4474,1636,497,113
5925,-3712,497,111
7563,-1452,497,141
7892,2677,497,9
9100,509,497,122
9532,1130,497,104
10402,6557,497,-6
11832,-7023,497,140
13495,-2328,497,160
13831,-1813,497,105
14470,-2949,497,-7
18198,3141,497,165
19402,2962,497,-10
20242,3681,497,14
1335,5823,498,68
1656,4439,498,89
2157,2594,498,33
3468,4906,498,-9
6299,6152,498,183
7311,-2456,498,-15
8667,-1248,498,142
13474,1378,498,71
13580,3718,498,40
17052,1409,498,160
18195,-2370,498,104
18398,5880,498,8
18937,420,498,20
23316,-961,498,-2
23414,6228,498,168
23566,3133,498,138
1712,-369,499,138
1933,6869,499,-10
2980,-6407,499,13
5411,3739,499,142
5407,1738,499,52
5914,5571,499,5
6848,-3437,499,138
7049,-424,499,-20
7427,928,499,101
7717,5871,499,8
8222,-1579,499,107
8491,-4472,499,-16
10383,-6690,499,-13
11012,610,499,16
11380,4348,499,99
12752,4544,499,254
15992,-4174,499,100
16024,2985,499,-7
16284,-5007,499,80
18919,-2267,499,133
19107,-3706,499,52
19232,5770,499,116
19774,3373,499,47
20072,-3206,499,121
22141,-3404,499,148
3704,-3194,500,-16
3952,6111,500,145
5111,5160,500,33
5124,1864,500,65
5381,354,500,-15
6935,-1404,500,117
7223,1616,500,166
9185,-4487,500,23
9620,684,500,104
10718,6908,500,138
11387,-3616,500,146
12275,3306,500,114
12317,-5514,500,159
12450,2683,500,8
15369,-4793,500,50
16056,-2587,500,122
16135,1705,500,95
16466,6877,500,-6
17339,1806,500,162
18125,4346,500,91
19576,1977,500,-9
19816,1914,500,10
21308,4395,500,-1
23001,5695,500,142
23663,-1422,500,24
23960,-6430,500,6
2381,-7365,501,109
4648,-1212,501,7
6262,-1372,501,-8
6188,-6559,501,162
7497,2792,501,111
7871,-3471,501,44
8579,-4994,501,133
9553,-2112,501,102
9569,-5126,501,-18
13696,-5456,501,-5
13694,-870,501,163
13943,2749,501,142
14204,241,501,-12
19024,4693,501,19
19342,-542,501,92
20909,2806,501,148
21616,4041,501,18
21796,-3090,501,4
22359,1221,501,-13
39,-2972,501,-15
5036,-2628,502,107
5257,3269,502,23
6125,-3725,502,-11
6718,4452,502,148
6846,4178,502,127
10549,-4700,502,104
12431,3902,502,96
12586,1838,502,115
15285,7182,502,137
15516,4083,502,159
15530,4090,502,7
16426,-2345,502,24
17818,5078,502,2
18747,206,502,-6
19966,-1549,502,5
21222,-7013,502,158
172,4607,503,40
1134,4394,503,11
2109,2265,503,11
2316,2864,503,4
3270,5094,503,115
3319,5010,503,-6
3957,6307,503,-9
4481,1305,503,23
4837,-1622,503,98
5083,-4958,503,149
5334,3396,503,27
5985,-956,503,19
7280,-3659,503,-17
7391,2505,503,90
10929,3351,503,110
11725,-6249,503,80
14881,-3780,503,-16
15889,-2017,503,-1
17031,-3214,503,-10
17310,1086,503,155
18232,6440,503,38
19421,-2451,503,23
19511,-279,503,175
19844,5299,503,128
21988,7318,503,44
22629,-423,503,114
1768,-5352,504,4
2038,5449,504,-8
6054,-2628,504,134
6274,1227,504,42
7766,-1456,504,33
11548,-3109,504,158
12080,-7652,504,149
13201,-1620,504,46
16477,4188,504,152
16863,2466,504,125
17824,7696,504,49
18117,3056,504,52
18711,5554,504,-9
20642,2412,504,-14
20835,4406,504,20
21831,3017,504,-3
22192,5941,504,25
23773,349,504,260
23799,6781,504,-1
4665,5308,505,107
4701,-3714,505,37
5376,7923,505,47
6118,-6215,505,125
6198,-655,505,-20
7309,4946,505,8
7489,2812,505,11
7658,1767,505,156
8111,-4527,505,150
8652,-2266,505,73
9875,-810,505,4
10991,4043,505,61
13419,-7489,505,111
17533,6814,505,108
18359,4912,505,166
19381,-5442,505,2
20023,5010,505,111
20652,1009,505,72
20858,-5161,505,113
23339,538,505,120
467,1789,506,165
3213,-120,506,57
4074,5916,506,50
5363,-2477,506,67
6146,-6884,506,-8
6466,-476,506,-17
6974,-3411,506,-16
7716,-4517,506,78
9672,-1433,506,-15
13490,-5117,506,7
14373,-8011,506,-10
15322,177,506,54
18101,2222,506,158
18739,3967,506,16
19709,-1612,506,33
19681,4552,506,40
23281,-773,506,160
23723,1033,506,168
816,1694,507,51
810,-7492,507,137
3805,1114,507,-13
4514,-4495,507,-19
4653,1580,507,15
5006,8119,507,128
5257,-2694,507,-10
5461,3448,507,140
6794,-900,507,180
7675,8702,507,163
8305,-6561,507,115
9533,972,507,137
14249,-5709,507,-8
15656,3664,507,-12
16073,-1137,507,0
17256,-2660,507,85
18534,-4576,507,-14
20115,2361,507,-18
602,5417,508,-11
5102,5897,508,-8
5408,-89,508,96
5590,-542,508,-9
7790,-3851,508,-10
8233,-3632,508,-19
9833,-4573,508,-10
10103,-4737,508,88
10567,-2375,508,160
10580,695,508,94
10606,-5956,508,117
10724,2319,508,4
11014,3921,508,24
11476,-4267,508,-3
14213,-2726,508,116
16604,5292,508,-4
17178,-4456,508,86
17159,4078,508,128
18956,-2066,508,13
21888,-1355,508,37
21884,2592,508,-17
22596,7364,508,39
22735,4182,508,96
23319,-1346,508,80
23385,1231,508,131
23875,1912,508,160
11389,-6495,509,-6
545,-6303,509,4
3379,2074,509,124
3500,5545,509,5
3820,2414,509,-8
6171,-7475,509,72
7955,-4411,509,-17
8460,-5309,509,25
9810,4602,509,62
10505,-64,509,-14
11389,-1878,509,42
13436,-3976,509,120
15282,-6096,509,-6
15925,-6860,509,113
19116,1107,509,-7
21750,-908,509,111
1956,1782,510,92
3703,6322,510,163
4167,8070,510,56
4856,1884,510,21
6561,-122,510,-14
7226,-4464,510,156
7366,2044,510,152
7439,-5102,510,105
8843,-4653,510,-21
10893,5458,510,136
12267,1490,510,6
13281,-3151,510,96
14403,582,510,12
18148,2005,510,15
18372,-3866,510,149
18912,-1560,510,17
19309,109,510,115
20086,1999,510,105
20668,-1814,510,166
21659,224,510,104
22334,-8044,510,147
22274,-4163,510,92
23043,4276,510,9
30,-303,510,-12
1906,-4250,511,-6
2955,3193,511,-1
3060,-5974,511,34
3826,3309,511,7
3894,-3473,511,-13
4570,-823,511,170
5832,-6690,511,-14
7311,-3674,511,-16
7985,-2331,511,112
9438,-5338,511,-11
9565,-8094,511,-14
11389,-6496,511,-8
11813,-2675,511,160
14946,-6278,511,0
15588,3901,511,164
15854,-309,511,12
17256,-2660,511,86
19513,2797,511,-10
19850,1042,511,55
20565,-4452,511,101
20808,-4399,511,35
21670,4327,511,160
22086,6228,511,8
23058,-3475,511,29
23868,-8202,511,92
241,-778,512,162
363,-2006,512,182
1493,-2163,512,2
4398,946,512,7
5113,-466,512,-6
5145,-446,512,44
6895,6889,512,-13
8085,1312,512,1
9273,-4427,512,167
9562,-4900,512,-12
10699,6572,512,120
12777,1658,512,135
14390,845,512,-2
14750,2708,512,0
15948,-3397,512,12
16021,1782,512,99
17348,2450,512,-3
17404,-4416,512,-6
17814,2562,512,116
18350,2887,512,20
18404,3951,512,3
19195,5686,512,101
19585,-1056,512,113
19843,3872,512,169
20667,-6055,512,52
23159,868,512,147
613,4449,513,160
1240,-792,513,46
5588,-539,513,2
7061,1095,513,139
7367,3676,513,108
7621,-411,513,44
8227,-4699,513,-14
8432,756,513,94
9239,6142,513,58
11143,-6195,513,22
11529,-5944,513,108
12596,-4102,513,22
15244,6735,513,52
16184,-2942,513,112
16778,-6711,513,-8
18730,-3832,513,9
19153,7656,513,31
20029,-5938,513,153
22360,-2160,513,107
23982,-5275,513,113
2028,-4471,514,149
2467,-3381,514,10
3507,1134,514,-3
5439,-5891,514,100
6058,1969,514,-11
6295,-1682,514,130
6849,6757,514,-17
6832,-4661,514,45
7014,-5140,514,161
7180,-4893,514,124
7792,3342,514,160
7862,177,514,-12
8334,2722,514,47
9140,6687,514,151
9156,2205,514,97
9961,4106,514,46
12203,7762,514,33
12349,-1357,514,104
14326,-227,514,102
16254,-4737,514,-13
18524,-1840,514,0
18584,-1098,514,92
18740,3961,514,19
18977,-6020,514,137
19888,5752,514,-13
20777,1612,514,49
22101,4501,514,157
2535,3615,515,147
3310,5022,515,-6
6523,-1239,515,127
8866,4373,515,98
11121,-4264,515,3
11530,-5952,515,49
11617,-6128,515,112
11635,-6183,515,-2
12061,-4243,515,41
12369,-6752,515,19
13304,4968,515,-7
13782,-3625,515,-2
13912,-150,515,108
13975,-2497,515,-10
14845,-1600,515,41
15089,-4107,515,101
15577,-2805,515,130
16764,858,515,153
17736,-5183,515,70
19229,229,515,-7
19436,3632,515,-12
20258,2351,515,104
20699,-6676,515,-6
21079,-7702,515,49
1185,3142,516,23
1297,361,516,7
2634,7282,516,88
8254,-6292,516,9
8728,-4982,516,-20
8990,-5908,516,42
10225,-6637,516,21
10586,5708,516,34
12951,-5120,516,-6
15268,-4149,516,58
17888,4001,516,117
17985,-3025,516,177
18539,-3970,516,8
19106,-5234,516,52
19416,1194,516,77
19425,1980,516,98
20657,49,516,105
21087,-5473,516,121
21382,681,516,5
22873,984,516,48
23196,872,516,13
470,4439,517,3
1138,5492,517,69
2373,5585,517,37
2944,-371,517,8
4395,-375,517,8
5767,-3231,517,-28
5848,-5211,517,99
6997,-6792,517,140
7072,-5675,517,-4
7728,-4093,517,110
7863,-1390,517,60
7964,-4558,517,127
7994,-6059,517,174
8425,-5173,517,-16
9716,7225,517,104
11429,-6397,517,50
11658,-6540,517,80
12910,-5717,517,-12
15080,-6403,517,93
15430,1543,517,166
15477,184,517,23
15574,-918,517,-9
18878,-5211,517,94
19611,4470,517,93
19653,540,517,3
20311,3498,517,65
20927,1372,517,112
21718,7232,517,104
352,3797,518,42
359,-2898,518,100
1716,7062,518,-4
2749,1245,518,24
5195,1605,518,149
5662,2590,518,-15
7040,2422,518,94
7778,3752,518,158
7828,-1723,518,128
8981,-4723,518,25
10726,4620,518,33
11288,201,518,152
11934,-1715,518,-2
12130,-7537,518,130
12405,2610,518,8
18025,2160,518,95
19381,2626,518,-12
20237,2869,518,18
21107,-3234,518,110
21323,6487,518,-4
21692,-1405,518,65
23788,-5023,518,-19
23856,-1891,518,-14
0,0,519,89
506,-2379,519,12
835,-1064,519,50
2407,5001,519,98
4279,5361,519,5
4913,1143,519,12
5531,-7634,519,113
6699,-917,519,153
7402,4067,519,123
8666,-5306,519,-14
13132,-1074,519,114
15778,6260,519,4
19999,3704,519,-17
22644,6358,519,6
587,-359,520,56
2376,-2382,520,60
4110,2760,520,-13
5916,5989,520,2
6247,1916,520,44
6454,30,520,117
6647,3990,520,-7
6741,-3107,520,-12
7032,-572,520,168
7067,-4234,520,20
7265,5964,520,107
8356,-3648,520,-19
8672,-4026,520,-1
8651,-7039,520,1
8954,1532,520,15
8992,3242,520,93
11601,6932,520,101
14926,-6011,520,116
15110,-1626,520,158
16373,3380,520,160
16514,-6163,520,123
17300,-2429,520,110
18791,-570,520,147
20525,7495,520,7
22578,-2071,520,44
23378,-1504,520,20
5126,-6340,520,165
9775,5713,520,162
15845,1513,520,0
1130,-4149,521,16
2678,-5455,521,40
6070,-671,521,-6
6447,5842,521,153
6707,1765,521,6
8160,-4412,521,-19
8831,-3278,521,87
10491,-274,521,-6
12035,4305,521,26
12343,-2222,521,-10
13549,-1016,521,96
14784,-5238,521,98
18453,20,521,50
21115,3875,521,117
22644,5680,521,158
845,-5099,522,36
2092,7611,522,95
2822,1746,522,-6
4243,1001,522,-10
5980,55,522,1
6403,-1153,522,124
6491,-5685,522,109
6794,4879,522,112
7462,2144,522,39
8928,2793,522,100
11425,-3606,522,99
11696,-3250,522,148
12760,767,522,33
13166,1753,522,45
13166,1753,522,0
13266,-1994,522,103
13280,942,522,58
16231,-1184,522,142
16859,-4123,522,7
18950,3290,522,58
19150,607,522,35
20034,2494,522,36
20655,-1495,522,-12
23522,3924,522,102
502,2975,523,24
1352,2874,523,139
2034,276,523,0
2978,-278,523,0
3411,6459,523,208
3605,-1747,523,-13
4117,2900,523,34
4627,-247,523,28
5363,4180,523,-15
6530,1154,523,15
7792,-4661,523,-14
8162,-4794,523,-21
8699,-4541,523,21
9029,-5219,523,-12
9981,-3589,523,31
10775,-6426,523,-7
10783,-5676,523,-8
11213,-6417,523,-6
14331,-6127,523,29
15838,220,523,102
16462,-760,523,172
17433,-5063,523,105
17583,6188,523,61
18985,1362,523,52
19124,3250,523,34
20985,429,523,46
20985,429,524,45
746,-2201,524,33
1229,758,524,32
1708,2027,524,84
3304,-6251,524,60
3794,-2387,524,7
4365,-6339,524,96
6539,-3770,524,100
7991,-3930,524,39
9129,1067,524,-11
9278,-635,524,116
10294,-807,524,31
10764,3068,524,-6
10892,-2014,524,47
12925,6544,524,28
14201,6943,524,158
14796,-2609,524,94
15490,-4673,524,174
15630,4035,524,88
15711,-3742,524,98
16796,525,524,-2
18051,-818,524,38
18796,-4041,524,78
18828,-2032,524,141
20282,4036,524,165
21261,-2065,524,116
21491,4654,524,97
21700,-2326,524,95
22197,5684,524,51
23059,6721,524,126
23737,-1828,524,-8
196,-3513,525,44
203,-1794,525,148
1702,-3233,525,104
2525,227,525,127
3742,-116,525,-10
5392,-1393,525,-21
6779,4358,525,56
7309,-3921,525,1
7467,694,525,22
7535,191,525,22
7560,1583,525,5
9240,-4323,525,-14
9639,4024,525,22
10875,-5724,525,16
11599,-4764,525,25
13096,3580,525,-8
13190,-4337,525,104
13445,-1271,525,152
13868,-5281,525,-9
14138,4946,525,165
15105,5456,525,96
16364,6911,525,112
16509,2048,525,129
16910,-615,525,108
17027,3357,525,2
17388,-4747,525,-11
17635,-5450,525,20
18405,-4411,525,-19
18380,1783,525,127
18831,3255,525,8
20455,-1821,525,-7
22691,4023,525,-14
1994,6462,526,1
2817,-6281,526,10
3071,-760,526,20
3839,2558,526,21
4343,1510,526,22
4570,-897,526,147
5594,-486,526,24
6789,-3793,526,-8
8588,-5822,526,-14
9302,-5105,526,-7
9970,1244,526,-4
10518,8256,526,37
11680,2135,526,98
12014,-1966,526,-20
15241,2916,526,3
15608,1001,526,95
19952,-5890,526,-1
21218,-3943,526,44
22793,-1961,526,94
1502,4701,527,100
2213,2121,527,43
3109,-609,527,160
4345,6514,527,81
4739,-5973,527,20
5800,645,527,23
6329,-782,527,-19
6497,-5024,527,41
6587,2802,527,-3
6630,-3234,527,117
6859,2176,527,-2
7734,5043,527,0
8631,-2626,527,-4
9264,5674,527,156
9238,-5557,527,99
9929,4982,527,7
11782,5563,527,127
14132,4385,527,159
16341,-7867,527,141
16466,-6406,527,36
18320,2445,527,153
18763,7409,527,92
18996,2623,527,124
19709,1183,527,57
20025,6482,527,156
22083,6279,527,141
22220,8611,527,-3
167,-8222,528,104
1642,7304,528,96
2215,-3072,528,-2
2266,3336,528,-1
2366,40,528,165
2528,-7911,528,98
3014,5235,528,-5
3354,2115,528,-7
3943,5070,528,41
4026,-155,528,-15
4424,2220,528,25
4435,3144,528,97
5391,5754,528,-3
7314,-2659,528,96
8418,-2405,528,148
10145,-6582,528,98
10223,-5123,528,25
12820,8341,528,-3
18913,-8761,528,128
18040,2083,528,-9
18566,-3302,528,-11
19122,3610,528,-11
19297,1160,528,20
19937,1142,528,-1
20323,-1912,528,140
21262,-1517,528,164
23708,-1545,528,137
1178,6878,529,-2
2469,2967,529,0
3387,4921,529,-7
4226,772,529,36
4715,4336,529,0
5704,-3467,529,-5
5795,1390,529,-17
5914,-5264,529,31
6609,3845,529,261
6781,-1443,529,-4
7972,222,529,92
8368,-7340,529,1
8788,-190,529,4
9290,-7489,529,2
10481,-6417,529,186
11762,-4569,529,-12
12330,4898,529,166
12482,2591,529,-5
14247,1010,529,100
16633,5602,529,108
17052,-5324,529,48
17448,-4584,529,-7
21535,-4118,529,110
21848,-8272,529,75
21768,2295,529,141
21836,1729,529,37
22065,6312,529,158
22410,-7226,529,65
23767,-1868,529,28
2321,4738,530,-1
2678,2706,530,9
4800,5676,530,25
5130,2042,530,9
5333,-1232,530,-12
6257,1614,530,-14
6930,-2294,530,-18
7416,1167,530,10
7771,1077,530,1
8129,2158,530,63
11443,-6112,530,-8
11708,6674,530,128
11912,-2571,530,88
14906,-2464,530,132
19998,-3470,530,17
21049,-3863,530,41
21143,-2119,530,1
21704,568,530,164
22080,-91,530,23
23652,5047,530,-6
23877,1095,530,18
2617,3426,530,155
934,-1127,531,152
1761,-2505,531,39
2227,5107,531,93
2623,-5254,531,27
3541,4606,531,40
4620,100,531,-12
4713,-5048,531,98
5045,-7131,531,100
5629,-2869,531,46
5774,-4660,531,104
6128,-1917,531,168
7204,-4050,531,6
7735,2578,531,154
8071,-3267,531,191
8823,-344,531,-9
10168,-1282,531,36
11484,3934,531,1
12234,-4572,531,143
12714,-6306,531,27
13421,-6449,531,40
14822,-1415,531,7
17507,-106,531,72
20031,-6694,531,122
20386,534,531,97
20971,2233,531,140
21456,3712,531,-14
21448,4884,531,7
23677,-3207,531,97
3045,-769,532,94
6214,6572,532,134
6766,-1480,532,7
8214,6847,532,104
9230,4322,532,-14
9678,-5798,532,20
9865,2440,532,23
11264,1331,532,120
11799,825,532,2
12393,-3541,532,-8
12932,-5684,532,1
12999,6660,532,129
14414,-2481,532,96
14929,-3386,532,4
16883,3170,532,29
20187,-3610,532,87
20280,2467,532,95
22238,-2107,532,80
22416,-5780,532,67
23365,3181,532,-11
23558,2250,532,160
685,3946,533,89
2895,3834,533,41
4062,544,533,-8
4890,251,533,164
4913,778,533,122
6262,1255,533,-2
6885,5945,533,65
7411,-1620,533,-5
7586,3096,533,101
7817,-2491,533,76
8485,-4793,533,-14
8545,2044,533,125
8897,-4752,533,26
9283,-3940,533,116
10391,-3801,533,25
11684,3420,533,72
13236,-1993,533,87
13288,1368,533,131
15253,494,533,109
15696,1285,533,4
16374,-4957,533,-4
16528,-4182,533,33
17208,1059,533,159
18285,-5602,533,-5
19165,-6842,533,91
19864,-3987,533,-6
22213,3460,533,113
23128,4639,533,141
1095,2147,534,-3
1766,-573,534,152
4321,-4427,534,108
5131,850,534,33
5320,260,534,41
5559,-116,534,-18
5550,-6423,534,104
9254,1494,534,132
10302,-2899,534,24
10771,-6452,534,-10
10821,1055,534,3
12137,-4869,534,-1
14965,-7666,534,145
18048,-2428,534,52
18381,-3667,534,-14
18518,-3299,534,16
19211,-794,534,13
21479,-6951,534,155
22280,-1283,534,114
23693,-1803,534,157
2021,-3000,535,88
2415,-6031,535,39
2536,-103,535,102
2596,3469,535,166
3761,605,535,-12
4324,2114,535,-8
4666,5347,535,32
5545,-159,535,-19
5856,-752,535,-20
6261,6000,535,134
6780,5717,535,96
7239,311,535,119
7412,-3181,535,107
7928,1988,535,-4
7949,-4350,535,-18
8527,1809,535,156
8843,-6679,535,42
9539,-4065,535,90
9729,1402,535,163
10271,2931,535,1
12077,-6833,535,-1
12499,5841,535,20
15351,72,535,119
16495,-4624,535,56
16923,1843,535,141
17389,-2814,535,155
18773,7543,535,5
19578,4241,535,5
19800,-5636,535,20
20894,-3981,535,132
22201,6076,535,116
22840,-8012,535,-15
665,2144,536,116
1047,-4640,536,90
4069,283,536,50
5571,377,536,5
6110,3848,536,25
6166,5894,536,109
6363,5345,536,43
6314,-939,536,124
7256,-3069,536,-17
7499,4967,536,45
8192,-777,536,89
9403,-8079,536,45
10017,3192,536,66
11209,-4910,536,18
11641,813,536,157
13718,354,536,111
14755,-6288,536,29
18566,5235,536,109
18938,-4271,536,100
19934,1663,536,67
20106,3597,536,85
343,819,537,134
1122,-6178,537,88
3933,4787,537,-8
4155,-1639,537,-15
4376,2563,537,-5
4767,1171,537,19
7760,-3417,537,60
8330,-7152,537,-6
8684,4583,537,99
9526,3510,537,153
11999,366,537,0
13384,-1774,537,99
14506,-4952,537,5
15364,3293,537,-7
15412,-3971,537,-11
15911,4314,537,165
16164,-347,537,145
17610,4859,537,115
18660,-4319,537,168
18772,-2239,537,164
18740,3961,537,0
20001,1752,537,167
21020,4616,537,-21
22165,-3401,537,24
22304,-5363,537,60
22337,-782,537,-6
22341,579,537,-2
23078,-5396,537,145
543,2029,538,108
776,1548,538,165
1438,1917,538,39
2085,7728,538,31
3306,-93,538,104
4044,-27,538,50
4327,2177,538,-14
4344,-2064,538,-2
4997,-1026,538,80
5047,-4915,538,42
5591,2404,538,-9
6111,-419,538,-13
6425,-6969,538,97
7391,-2783,538,153
8122,-2055,538,10
9463,-607,538,64
10587,-3956,538,288
10711,-5922,538,26
12314,7516,538,-2
13700,-5879,538,-3
14938,-5281,538,13
15648,-1930,538,86
16135,-2633,538,165
17336,2554,538,3
18254,-2073,538,7
18945,-3734,538,-14
18971,1736,538,80
19004,5053,538,-18
19082,5340,538,-1
19581,2946,538,55
20566,1303,538,7
708,-6547,539,50
845,6425,539,49
2832,-2794,539,2
4363,6074,539,149
4652,787,539,26
6285,994,539,10
6816,-1514,539,-10
7111,-1129,539,5
7344,-5209,539,-7
7392,-3220,539,-18
8904,3058,539,104
9288,-6869,539,42
11401,141,539,94
11560,-4059,539,12
12380,-5768,539,-10
14441,1923,539,23
14647,4440,539,0
15898,-2453,539,-2
16375,3370,539,153
16476,66,539,146
17134,3594,539,31
17244,1439,539,0
17344,3247,539,62
18319,726,539,107
18336,-1583,539,147
18495,-199,539,96
18608,912,539,37
19846,-1076,539,38
20092,6200,539,117
20704,5034,539,-10
20793,8055,539,112
23167,982,539,-8
413,6183,540,0
1888,4073,540,132
3810,-3762,540,1
4510,1372,540,26
4613,-6208,540,158
4740,1115,540,25
5644,3049,540,45
6480,-703,540,-7
6781,-5127,540,134
6858,-7096,540,-11
13474,5995,540,-1
15768,-180,540,-3
16288,5976,540,163
16400,-3919,540,62
19273,-4547,540,135
19657,4282,540,-8
22186,5082,540,15
23145,213,540,91
5930,2018,540,99
193,-2780,541,134
796,7485,541,-8
1277,-250,541,90
1996,-2082,541,165
2709,-5080,541,56
4181,2648,541,34
5317,3375,541,-19
8003,7392,541,142
8932,1163,541,146
9478,4560,541,98
9474,906,541,60
9594,3581,541,77
10278,1373,541,161
11789,-5770,541,167
14321,1300,541,38
14622,-4613,541,101
15735,-1567,541,23
16017,3330,541,60
16915,2096,541,97
17368,-7012,541,-4
18369,2329,541,160
19824,-7250,541,22
20822,-6878,541,112
21403,-2085,541,116
21461,2761,541,4
156,-2799,542,42
755,5522,542,4
964,2899,542,108
1411,-4149,542,104
1600,-1540,542,121
2370,-88,542,31
5503,6307,542,171
5453,1796,542,-10
6564,-3623,542,144
7530,1709,542,113
7688,-3853,542,-15
8080,7948,542,-6
8525,-1958,542,-6
8945,-8566,542,31
10781,-1730,542,11
11229,-7,542,-3
12561,3325,542,100
14478,-690,542,149
15899,-2398,542,-4
16409,-3757,542,-11
18610,3347,542,-10
19048,-370,542,0
19083,-403,542,112
19846,-5919,542,8
21221,-2762,542,142
22014,-2845,542,-9
22851,-3916,542,143
474,-3992,543,156
653,4935,543,164
1051,-484,543,111
2053,13,543,15
2647,2196,543,16
2735,4430,543,90
4451,8082,543,116
5206,7395,543,-12
5155,983,543,24
6531,-816,543,138
7384,-3192,543,-15
7485,-3881,543,-16
7884,-3636,543,116
9133,2965,543,89
11082,-3580,543,3
12793,6679,543,156
13790,-1786,543,162
14257,-1820,543,-3
15603,-4440,543,150
15976,-2483,543,-9
16202,-855,543,12
18749,-3969,543,87
19295,2303,543,2
19425,-2396,543,143
20630,1138,543,6
21299,-1799,543,-12
22239,-2777,543,-16
22830,5590,543,116
22951,4868,543,-9
22991,96,543,98
23086,-769,543,30
23814,6221,543,67
3820,7087,544,9
4173,-692,544,94
4868,6351,544,157
6746,2897,544,145
7139,1593,544,103
11146,-2808,544,7
11626,-4775,544,124
11971,-5632,544,-8
12473,-3904,544,-8
15050,-3264,544,-12
15647,-5237,544,0
15910,2031,544,159
16105,6781,544,-2
16279,-5381,544,173
17480,33,544,22
18238,-2171,544,152
18914,4160,544,103
20522,4922,544,155
21463,6681,544,-11
23325,4863,544,103
917,-6953,545,109
2957,-2386,545,23
3339,7773,545,19
3806,2342,545,-7
4320,5005,545,22
4247,-6219,545,110
4655,-1436,545,105
5323,-5061,545,51
5664,-3263,545,92
6771,7956,545,50
6907,-113,545,18
6943,-7942,545,5
7190,-30,545,29
7381,5528,545,0
7350,-1436,545,98
7912,4756,545,146
8949,3291,545,12
9046,2445,545,-4
9501,-5152,545,-10
9620,-5367,545,15
9772,-7678,545,89
10624,-5873,545,50
10895,-213,545,96
12628,-2714,545,32
13794,-5032,545,136
15455,-3677,545,-15
15930,3795,545,33
16322,-4267,545,10
16900,-4181,545,19
17920,7200,545,30
18611,667,545,37
19954,4037,545,-10
20888,4518,545,110
21629,1932,545,30
878,-2401,546,124
2367,-1078,546,35
3747,2429,546,-4
4066,820,546,37
4500,8334,546,87
4668,1220,546,-12
5521,329,546,-18
5537,1706,546,-4
5503,-4708,546,62
6959,-2463,546,36
7172,-2749,546,100
7271,-1559,546,8
8775,-4591,546,27
9160,-879,546,101
10537,1414,546,168
12184,-2360,546,6
12517,2457,546,5
12652,2106,546,96
12916,-8512,546,102
13658,5292,546,10
14112,-931,546,34
14857,5929,546,136
14946,-1141,546,149
15314,-6050,546,-10
15438,3434,546,140
16332,3971,546,40
17924,2605,546,34
18265,-4421,546,96
18448,-4812,546,84
19630,-465,546,43
20471,8142,546,102
21940,-3725,546,8
22177,-1156,546,-12
22451,6513,546,37
916,2363,547,100
2414,1061,547,-10
2845,-3568,547,125
2997,4722,547,89
3296,4402,547,-6
3536,4802,547,-10
4073,2411,547,86
4920,-7494,547,152
5488,2515,547,-4
5765,4983,547,3
5838,-7936,547,-8
6109,-2311,547,8
7223,5143,547,167
8431,-4215,547,-15
8577,6514,547,18
8622,-6285,547,102
8689,-7896,547,-10
9278,-874,547,-9
9362,5670,547,161
9452,-7160,547,108
9527,-7308,547,156
10754,-8047,547,95
11004,4553,547,147
12922,-4292,547,168
16005,-1653,547,52
16606,-4286,547,40
17395,3715,547,0
17947,-408,547,116
18220,-4134,547,-17
18393,-7504,547,2
21146,-8896,547,27
19626,-1430,547,50
20221,-101,547,143
20672,-3343,547,112
20898,3344,547,152
22478,-3913,547,95
22434,7077,547,120
623,3540,548,88
3878,-536,548,-10
4511,1569,548,26
4956,1715,548,131
5304,4279,548,165
5548,-3851,548,122
7799,-1219,548,48
8657,-5344,548,-16
8828,-4032,548,6
9498,-2659,548,136
9998,5681,548,146
10774,1419,548,91
11539,6108,548,50
11644,-1320,548,52
12148,-4123,548,-7
12491,2411,548,43
12528,-5942,548,63
12563,-945,548,-3
12733,-2832,548,134
13344,-5275,548,-13
14040,-2743,548,134
14842,3727,548,102
16221,502,548,147
16180,7588,548,-11
16780,-3938,548,98
16953,-3326,548,159
17318,-4663,548,80
18134,3640,548,116
18547,3055,548,-10
18871,2143,548,-7
19012,5566,548,86
20974,1084,548,93
22499,443,548,38
1768,-5082,549,160
2858,1508,549,-9
3102,7942,549,157
3941,3508,549,-3
5791,1773,549,30
5827,-1448,549,88
7767,-677,549,138
7903,-3588,549,-19
10773,1889,549,112
15525,-7339,549,-12
16326,-3091,549,47
16839,725,549,10
18174,-6200,549,58
18565,-2403,549,179
18814,-4368,549,13
19343,-89,549,-4
19726,-1547,549,46
19729,2577,549,93
19977,3098,549,-6
20197,2681,549,141
21403,-1288,549,29
21421,-356,549,146
21718,4116,549,159
22958,2077,549,67
23468,-8748,549,127
23799,-276,549,94
770,-2252,550,98
784,1197,550,97
1047,3180,550,-5
1041,-3155,550,8
1445,1924,550,111
2049,3328,550,3
3405,2472,550,119
4153,1961,550,107
5135,2427,550,6
5246,516,550,137
5294,-1352,550,93
5463,1587,550,1
5939,-3138,550,0
6149,-2243,550,-1
6131,-4215,550,0
7054,-5918,550,-11
8446,1265,550,160
9634,-4319,550,100
10495,8425,550,0
10402,3372,550,117
11054,-1130,550,94
11582,-4914,550,104
12458,-5899,550,145
13620,7124,550,120
13783,3854,550,103
14502,-4532,550,-8
15273,-2240,550,138
15377,3958,550,159
15549,-1685,550,-14
16260,-837,550,65
16572,-7099,550,122
17840,2932,550,104
18545,-1487,550,197
19074,-3105,550,3
20772,-3920,550,-10
21988,-3840,550,100
22177,7013,550,38
22498,7882,550,6
12606,5949,550,0
14089,-7680,550,155
95,1340,551,90
